k1 = 4 k2 = 4 lambda_value = 0.5
mAP = 0.0022220303415344074 CMC[0] = 0.0012531328
